CNVR_ID	Chr	Start	End	Frequency	n_Sample	0	1	2	3	4	5	Type	Length
CNVR_1	20	257183	257602	367	367			362			5	Gain	420
CNVR_2	20	368904	377590	367	367			366	1			Gain	8687
CNVR_3	20	390863	391362	367	367	9		358				Loss	500
CNVR_4	20	399740	401763	367	367		1	366				Loss	2024
CNVR_5	20	820347	820456	367	367	9		358				Loss	110
CNVR_6	20	1145922	1146921	734	367	12		722				Loss	1000
CNVR_7	20	1447114	1472169	1468	367	425		1043				Loss	25056
CNVR_8	20	1514646	1515337	367	367		1	366				Loss	692
CNVR_9	20	1551200	1551699	367	367			360			7	Gain	500
CNVR_10	20	1558733	1559590	367	367	5	57	304	1			Mixed	858
CNVR_11	20	2685972	2690468	367	367		1	366				Loss	4497
CNVR_12	20	2777789	2778238	367	367			366			1	Gain	450
CNVR_13	20	2821218	2821992	367	367		5	362				Loss	775
CNVR_14	20	3233197	3363322	23488	367	3753		19734	1			Mixed	130126
CNVR_15	20	3515649	3540288	367	367		2	365				Loss	24640
CNVR_16	20	3576773	3605469	367	367		1	366				Loss	28697
CNVR_17	20	3673009	3674595	734	367		10	724				Loss	1587
CNVR_18	20	3802498	3805266	1101	367		8	1093				Loss	2769
CNVR_19	20	3925573	3944921	734	367		3	731				Loss	19349
CNVR_20	20	4712677	4713676	734	367	55		679				Loss	1000
CNVR_21	20	5095348	5099368	367	367		1	366				Loss	4021
CNVR_22	20	5538340	5556826	734	367		5	729				Loss	18487
CNVR_23	20	5560403	5585258	734	367		3	731				Loss	24856
CNVR_24	20	5924462	5939622	734	367		4	730				Loss	15161
CNVR_25	20	5947831	6017968	1468	367		8	1460				Loss	70138
CNVR_26	20	6032540	6033539	367	367	2		365				Loss	1000
CNVR_27	20	6750516	6751369	367	367		1	366				Loss	854
CNVR_28	20	8130690	8131189	367	367		1	366				Loss	500
CNVR_29	20	8705052	8722359	367	367		2	365				Loss	17308
CNVR_30	20	9317522	9389528	1101	367		5	1096				Loss	72007
CNVR_31	20	9417898	9438309	734	367		3	731				Loss	20412
CNVR_32	20	10032060	10035497	367	367		1	366				Loss	3438
CNVR_33	20	10273279	10274176	367	367		1	366				Loss	898
CNVR_34	20	10438573	10439072	367	367		1	366				Loss	500
CNVR_35	20	12989369	12990282	367	367		1	366				Loss	914
CNVR_36	20	13052653	13055245	367	367		1	366				Loss	2593
CNVR_37	20	13071480	13145649	1468	367	556		912				Loss	74170
CNVR_38	20	13695218	13757166	1101	367		8	1093				Loss	61949
CNVR_39	20	13767573	13779355	734	367		2	730	2			Mixed	11783
CNVR_40	20	13839657	13869375	4037	367	1924		2104	9			Mixed	29719
CNVR_41	20	14665238	14665737	367	367	177		189	1			Mixed	500
CNVR_42	20	15866158	15866657	367	367		3	364				Loss	500
CNVR_43	20	16347737	16351479	1101	367	372	1	728				Loss	3743
CNVR_44	20	16474685	16478506	734	367		3	731				Loss	3822
CNVR_45	20	16712062	16721218	1101	367		7	1094				Loss	9157
CNVR_46	20	16731489	16731988	367	367		1	366				Loss	500
CNVR_47	20	17610217	17610716	367	367	2	2	363				Loss	500
CNVR_48	20	17922493	17971330	1101	367		5	1096				Loss	48838
CNVR_49	20	18374104	18436139	4037	367	1322		2711	4			Mixed	62036
CNVR_50	20	18449837	18455967	367	367		2	365				Loss	6131
CNVR_51	20	18523912	18526848	367	367		2	365				Loss	2937
CNVR_52	20	19998266	20003348	367	367		1	366				Loss	5083
CNVR_53	20	20020002	20022458	367	367		1	366				Loss	2457
CNVR_54	20	20029733	20031516	734	367		3	731				Loss	1784
CNVR_55	20	20208642	20227109	367	367		1	366				Loss	18468
CNVR_56	20	20373423	20373922	367	367	9		358				Loss	500
CNVR_57	20	20377088	20392919	734	367	190		544				Loss	15832
CNVR_58	20	20483744	20592207	3670	367	1146		2523	1			Mixed	108464
CNVR_59	20	20609756	20621593	1468	367	306		1162				Loss	11838
CNVR_60	20	21306666	21307489	367	367		2	365				Loss	824
CNVR_61	20	21310868	21325096	1835	367		11	1823			1	Loss	14229
CNVR_62	20	21329776	21330275	367	367		1	366				Loss	500
CNVR_63	20	21336467	21338622	367	367		1	366				Loss	2156
CNVR_64	20	21492409	21494797	734	367		3	731				Loss	2389
CNVR_65	20	23017306	23067211	367	367			366	1			Gain	49906
CNVR_66	20	23359831	23371151	1101	367		5	1096				Loss	11321
CNVR_67	20	23377458	23377957	367	367		8	359				Loss	500
CNVR_68	20	23965939	23967762	367	367		1	366				Loss	1824
CNVR_69	20	24523905	24524404	367	367		2	365				Loss	500
CNVR_70	20	24929654	24930461	367	367		1	366				Loss	808
CNVR_71	20	25198935	25199434	367	367		12	355				Loss	500
CNVR_72	20	25287218	25287717	367	367			365		2		Gain	500
CNVR_73	20	25320112	25320237	367	367	9		358				Loss	126
CNVR_74	20	25405596	25422586	367	367		2	365				Loss	16991
CNVR_75	20	25733446	25829551	1468	367	3	6	1456			3	Loss	96106
CNVR_76	20	26061549	26063778	367	367	47		320				Loss	2230
CNVR_77	20	29611589	29634146	1101	367		6	1092		3		Mixed	22558
CNVR_78	20	29890764	29896570	734	367	244		490				Loss	5807
CNVR_79	20	29993647	29994268	367	367			366			1	Gain	622
CNVR_80	20	30310059	30385568	734	367		3	731				Loss	75510
CNVR_81	20	30435689	30438663	367	367	9		358				Loss	2975
CNVR_82	20	30789971	30796114	367	367	11		356				Loss	6144
CNVR_83	20	31315449	31316199	367	367	177		190				Loss	751
CNVR_84	20	31413480	31437226	367	367		1	366				Loss	23747
CNVR_85	20	31755714	31756213	367	367	9		358				Loss	500
CNVR_86	20	31786870	31793177	1101	367	104		995			2	Loss	6308
CNVR_87	20	31813961	31814460	367	367		1	366				Loss	500
CNVR_88	20	32245706	32248436	1468	367	442		1026				Loss	2731
CNVR_89	20	32307650	32319814	734	367		19	712			3	Loss	12165
CNVR_90	20	32328457	32328956	367	367			366	1			Gain	500
CNVR_91	20	32378543	32379542	734	367		7	727				Loss	1000
CNVR_92	20	32678072	32691516	734	367		4	730				Loss	13445
CNVR_93	20	32996206	33012534	367	367		1	366				Loss	16329
CNVR_94	20	33036965	33095748	1468	367		10	1458				Loss	58784
CNVR_95	20	33231717	33245232	367	367		1	366				Loss	13516
CNVR_96	20	33364345	33370457	367	367		2	365				Loss	6113
CNVR_97	20	33421127	33422515	367	367		1	366				Loss	1389
CNVR_98	20	33501764	33502049	367	367			364			3	Gain	286
CNVR_99	20	33513250	33513738	367	367			365			2	Gain	489
CNVR_100	20	33566942	33577992	2569	367		33	2532	4			Mixed	11051
CNVR_101	20	33578718	33590433	1468	367		18	1443	7			Mixed	11716
CNVR_102	20	33656848	33657465	367	367		1	366				Loss	618
CNVR_103	20	33734877	33764874	734	367			731	3			Gain	29998
CNVR_104	20	33805364	33862823	734	367		3	731				Loss	57460
CNVR_105	20	33954109	33969969	367	367		1	366				Loss	15861
CNVR_106	20	34115811	34117300	367	367	8		355			4	Loss	1490
CNVR_107	20	34240096	34243516	367	367			366	1			Gain	3421
CNVR_108	20	34287301	34287935	367	367		6	361				Loss	635
CNVR_109	20	34292908	34297394	734	367		3	731				Loss	4487
CNVR_110	20	34304411	34317699	367	367		1	365	1			Mixed	13289
CNVR_111	20	34328196	34329059	367	367		2	365				Loss	864
CNVR_112	20	34389662	34459306	734	367		3	731				Loss	69645
CNVR_113	20	35091056	35091252	367	367	2	1	364				Loss	197
CNVR_114	20	35293198	35400126	1101	367		6	1095				Loss	106929
CNVR_115	20	35440856	35467868	1101	367		2	1095	4			Mixed	27013
CNVR_116	20	35520992	35575389	1101	367		6	1095				Loss	54398
CNVR_117	20	35635563	35724424	2936	367		18	2908	10			Mixed	88862
CNVR_118	20	35730816	35813026	90649	367	33946	1	56701	1			Mixed	82211
CNVR_119	20	35828599	35829098	367	367	9		358				Loss	500
CNVR_120	20	36150955	36151454	367	367		3	364				Loss	500
CNVR_121	20	36770715	36776741	367	367		3	364				Loss	6027
CNVR_122	20	37121322	37122025	367	367		1	366				Loss	704
CNVR_123	20	37193748	37196125	367	367		1	366				Loss	2378
CNVR_124	20	37464217	37465068	367	367	2		365				Loss	852
CNVR_125	20	39657711	39658345	367	367	5		362				Loss	635
CNVR_126	20	39704560	39727382	734	367		3	731				Loss	22823
CNVR_127	20	39741171	39752583	367	367		1	366				Loss	11413
CNVR_128	20	40710271	40790240	9175	367	1563		7612				Loss	79970
CNVR_129	20	40910878	41306754	1835	367	857		976	2			Mixed	395877
CNVR_130	20	42087542	42088041	367	367	8	1	358				Loss	500
CNVR_131	20	42164992	42165348	367	367		7	360				Loss	357
CNVR_132	20	42223082	42232648	367	367		1	366				Loss	9567
CNVR_133	20	42275325	42275824	367	367		1	366				Loss	500
CNVR_134	20	42354554	42355553	367	367		1	366				Loss	1000
CNVR_135	20	42788507	42789297	734	367	11		723				Loss	791
CNVR_136	20	43029628	43031442	734	367	8	3	723				Loss	1815
CNVR_137	20	43374755	43379518	367	367		1	366				Loss	4764
CNVR_138	20	43532383	43533007	367	367		1	366				Loss	625
CNVR_139	20	43595042	43616187	1101	367		7	1094				Loss	21146
CNVR_140	20	43681476	43681975	367	367	9		358				Loss	500
CNVR_141	20	43727569	43728068	367	367	1		366				Loss	500
CNVR_142	20	43835423	43852227	734	367		5	729				Loss	16805
CNVR_143	20	43926307	43927259	367	367			366			1	Gain	953
CNVR_144	20	43933899	43934398	367	367	1		366				Loss	500
CNVR_145	20	43945278	43945777	367	367	1		366				Loss	500
CNVR_146	20	44162584	44191108	367	367		2	365				Loss	28525
CNVR_147	20	44350735	44354516	734	367		18	714	2			Mixed	3782
CNVR_148	20	44443778	44534007	734	367			731	3			Gain	90230
CNVR_149	20	44803627	44807086	367	367		1	366				Loss	3460
CNVR_150	20	44838695	44839449	734	367	15		719				Loss	755
CNVR_151	20	45084881	45094047	734	367		3	731				Loss	9167
CNVR_152	20	45129518	45133101	734	367		5	729				Loss	3584
CNVR_153	20	45839608	45841535	367	367		2	365				Loss	1928
CNVR_154	20	45867251	45868132	367	367		1	366				Loss	882
CNVR_155	20	45927119	45927941	367	367			366	1			Gain	823
CNVR_156	20	45947495	45947994	367	367	9		358				Loss	500
CNVR_157	20	46252404	46263189	367	367		1	366				Loss	10786
CNVR_158	20	46265546	46268133	734	367		3	731				Loss	2588
CNVR_159	20	47538497	47538797	367	367	2		365				Loss	301
CNVR_160	20	47604977	47605449	367	367		5	362				Loss	473
CNVR_161	20	47632566	47634337	367	367		1	366				Loss	1772
CNVR_162	20	47644816	47711750	2202	367		16	2186				Loss	66935
CNVR_163	20	48494267	48494766	367	367		1	366				Loss	500
CNVR_164	20	48698410	48732744	367	367		1	366				Loss	34335
CNVR_165	20	49203531	49212925	14313	367	2786		11527				Loss	9395
CNVR_166	20	49354143	49354866	367	367		1	366				Loss	724
CNVR_167	20	49520175	49577227	1468	367		6	1460	2			Mixed	57053
CNVR_168	20	49626851	49627151	367	367	9		358				Loss	301
CNVR_169	20	51589646	51590122	367	367	1		366				Loss	477
CNVR_170	20	52194622	52195121	367	367		1	366				Loss	500
CNVR_171	20	52491289	52492288	367	367		5	362				Loss	1000
CNVR_172	20	52569720	52570484	367	367			366			1	Gain	765
CNVR_173	20	52830639	52835806	734	367		3	731				Loss	5168
CNVR_174	20	54944694	54959574	367	367		1	366				Loss	14881
CNVR_175	20	55034145	55035144	367	367		3	364				Loss	1000
CNVR_176	20	55099534	55100363	367	367		1	366				Loss	830
CNVR_177	20	55906638	55930122	2202	367		23	2179				Loss	23485
CNVR_178	20	56735966	56803528	1468	367	97		1362			9	Loss	67563
CNVR_179	20	57009407	57014249	367	367		1	366				Loss	4843
CNVR_180	20	57275821	57288724	367	367		1	366				Loss	12904
CNVR_181	20	57767824	57771172	367	367			366	1			Gain	3349
CNVR_182	20	58421919	58514966	8441	367		100	8297	44			Mixed	93048
CNVR_183	20	60578465	60581814	734	367		7	727				Loss	3350
CNVR_184	20	60706161	60712212	734	367		3	731				Loss	6052
CNVR_185	20	60733977	60740726	1468	367	16	19	1433				Loss	6750
CNVR_186	20	60882176	60899023	6973	367		14	6766	193			Mixed	16848
CNVR_187	20	60904582	60937858	2569	367		43	2484	42			Mixed	33277
CNVR_188	20	61040705	61050303	734	367		5	729				Loss	9599
CNVR_189	20	61427574	61428073	367	367	11		356				Loss	500
CNVR_190	20	61444831	61456586	734	367			716	18			Gain	11756
CNVR_191	20	61637028	61638027	367	367	1		366				Loss	1000
CNVR_192	20	61944378	61982253	1468	367		19	1448	1			Mixed	37876
CNVR_193	20	62046005	62051220	367	367		3	364				Loss	5216
CNVR_194	20	62065280	62065506	367	367	1		366				Loss	227
CNVR_195	20	62120525	62120755	367	367	5		362				Loss	231
CNVR_196	20	62162348	62173733	1835	367		24	1797	14			Mixed	11386
CNVR_197	20	62175329	62192098	2202	367	5	40	2145	12			Mixed	16770
CNVR_198	20	62193137	62223623	2936	367		84	2806	46			Mixed	30487
CNVR_199	20	62325968	62333819	1101	367		3	1095	3			Mixed	7852
CNVR_200	20	62373446	62384464	734	367		5	729				Loss	11019
CNVR_201	20	62421923	62496829	2569	367		65	2498			6	Loss	74907
CNVR_202	20	62506918	62507417	367	367			362			5	Gain	500
CNVR_203	20	62521452	62551542	734	367	86		648				Loss	30091
CNVR_204	20	62562453	62575854	1468	367		12	1440	16			Mixed	13402
CNVR_205	20	62597743	62598181	367	367			361			6	Gain	439
CNVR_206	20	62606218	62608536	734	367		3	731				Loss	2319
CNVR_207	20	62669602	62694799	1101	367	8		1093				Loss	25198
CNVR_208	20	62729570	62730569	367	367		1	366				Loss	1000
CNVR_209	20	62848669	62891875	367	367			366	1			Gain	43207
