CNVR_ID	Chr	Start	End	Frequency	n_Sample
CNVR_1	20	257183	257602	367	367
CNVR_2	20	368904	377590	367	367
CNVR_3	20	390863	391362	367	367
CNVR_4	20	399740	401763	367	367
CNVR_5	20	820347	820456	367	367
CNVR_6	20	1145922	1146921	734	367
CNVR_7	20	1447114	1472169	1468	367
CNVR_8	20	1514646	1515337	367	367
CNVR_9	20	1551200	1551699	367	367
CNVR_10	20	1558733	1559590	367	367
CNVR_11	20	2685972	2690468	367	367
CNVR_12	20	2777789	2778238	367	367
CNVR_13	20	2821218	2821992	367	367
CNVR_14	20	3233197	3363322	23488	367
CNVR_15	20	3515649	3540288	367	367
CNVR_16	20	3576773	3605469	367	367
CNVR_17	20	3673009	3674595	734	367
CNVR_18	20	3802498	3805266	1101	367
CNVR_19	20	3925573	3944921	734	367
CNVR_20	20	4712677	4713676	734	367
CNVR_21	20	5095348	5099368	367	367
CNVR_22	20	5538340	5556826	734	367
CNVR_23	20	5560403	5585258	734	367
CNVR_24	20	5924462	5939622	734	367
CNVR_25	20	5947831	6017968	1468	367
CNVR_26	20	6032540	6033539	367	367
CNVR_27	20	6750516	6751369	367	367
CNVR_28	20	8130690	8131189	367	367
CNVR_29	20	8705052	8722359	367	367
CNVR_30	20	9317522	9389528	1101	367
CNVR_31	20	9417898	9438309	734	367
CNVR_32	20	10032060	10035497	367	367
CNVR_33	20	10273279	10274176	367	367
CNVR_34	20	10438573	10439072	367	367
CNVR_35	20	12989369	12990282	367	367
CNVR_36	20	13052653	13055245	367	367
CNVR_37	20	13071480	13145649	1468	367
CNVR_38	20	13695218	13757166	1101	367
CNVR_39	20	13767573	13779355	734	367
CNVR_40	20	13839657	13869375	4037	367
CNVR_41	20	14665238	14665737	367	367
CNVR_42	20	15866158	15866657	367	367
CNVR_43	20	16347737	16351479	1101	367
CNVR_44	20	16474685	16478506	734	367
CNVR_45	20	16712062	16721218	1101	367
CNVR_46	20	16731489	16731988	367	367
CNVR_47	20	17610217	17610716	367	367
CNVR_48	20	17922493	17971330	1101	367
CNVR_49	20	18374104	18436139	4037	367
CNVR_50	20	18449837	18455967	367	367
CNVR_51	20	18523912	18526848	367	367
CNVR_52	20	19998266	20003348	367	367
CNVR_53	20	20020002	20022458	367	367
CNVR_54	20	20029733	20031516	734	367
CNVR_55	20	20208642	20227109	367	367
CNVR_56	20	20373423	20373922	367	367
CNVR_57	20	20377088	20392919	734	367
CNVR_58	20	20483744	20592207	3670	367
CNVR_59	20	20609756	20621593	1468	367
CNVR_60	20	21306666	21307489	367	367
CNVR_61	20	21310868	21325096	1835	367
CNVR_62	20	21329776	21330275	367	367
CNVR_63	20	21336467	21338622	367	367
CNVR_64	20	21492409	21494797	734	367
CNVR_65	20	23017306	23067211	367	367
CNVR_66	20	23359831	23371151	1101	367
CNVR_67	20	23377458	23377957	367	367
CNVR_68	20	23965939	23967762	367	367
CNVR_69	20	24523905	24524404	367	367
CNVR_70	20	24929654	24930461	367	367
CNVR_71	20	25198935	25199434	367	367
CNVR_72	20	25287218	25287717	367	367
CNVR_73	20	25320112	25320237	367	367
CNVR_74	20	25405596	25422586	367	367
CNVR_75	20	25733446	25829551	1468	367
CNVR_76	20	26061549	26063778	367	367
CNVR_77	20	29611589	29634146	1101	367
CNVR_78	20	29890764	29896570	734	367
CNVR_79	20	29993647	29994268	367	367
CNVR_80	20	30310059	30385568	734	367
CNVR_81	20	30435689	30438663	367	367
CNVR_82	20	30789971	30796114	367	367
CNVR_83	20	31315449	31316199	367	367
CNVR_84	20	31413480	31437226	367	367
CNVR_85	20	31755714	31756213	367	367
CNVR_86	20	31786870	31793177	1101	367
CNVR_87	20	31813961	31814460	367	367
CNVR_88	20	32245706	32248436	1468	367
CNVR_89	20	32307650	32319814	734	367
CNVR_90	20	32328457	32328956	367	367
CNVR_91	20	32378543	32379542	734	367
CNVR_92	20	32678072	32691516	734	367
CNVR_93	20	32996206	33012534	367	367
CNVR_94	20	33036965	33095748	1468	367
CNVR_95	20	33231717	33245232	367	367
CNVR_96	20	33364345	33370457	367	367
CNVR_97	20	33421127	33422515	367	367
CNVR_98	20	33501764	33502049	367	367
CNVR_99	20	33513250	33513738	367	367
CNVR_100	20	33566942	33577992	2569	367
CNVR_101	20	33578718	33590433	1468	367
CNVR_102	20	33656848	33657465	367	367
CNVR_103	20	33734877	33764874	734	367
CNVR_104	20	33805364	33862823	734	367
CNVR_105	20	33954109	33969969	367	367
CNVR_106	20	34115811	34117300	367	367
CNVR_107	20	34240096	34243516	367	367
CNVR_108	20	34287301	34287935	367	367
CNVR_109	20	34292908	34297394	734	367
CNVR_110	20	34304411	34317699	367	367
CNVR_111	20	34328196	34329059	367	367
CNVR_112	20	34389662	34459306	734	367
CNVR_113	20	35091056	35091252	367	367
CNVR_114	20	35293198	35400126	1101	367
CNVR_115	20	35440856	35467868	1101	367
CNVR_116	20	35520992	35575389	1101	367
CNVR_117	20	35635563	35724424	2936	367
CNVR_118	20	35730816	35813026	90649	367
CNVR_119	20	35828599	35829098	367	367
CNVR_120	20	36150955	36151454	367	367
CNVR_121	20	36770715	36776741	367	367
CNVR_122	20	37121322	37122025	367	367
CNVR_123	20	37193748	37196125	367	367
CNVR_124	20	37464217	37465068	367	367
CNVR_125	20	39657711	39658345	367	367
CNVR_126	20	39704560	39727382	734	367
CNVR_127	20	39741171	39752583	367	367
CNVR_128	20	40710271	40790240	9175	367
CNVR_129	20	40910878	41306754	1835	367
CNVR_130	20	42087542	42088041	367	367
CNVR_131	20	42164992	42165348	367	367
CNVR_132	20	42223082	42232648	367	367
CNVR_133	20	42275325	42275824	367	367
CNVR_134	20	42354554	42355553	367	367
CNVR_135	20	42788507	42789297	734	367
CNVR_136	20	43029628	43031442	734	367
CNVR_137	20	43374755	43379518	367	367
CNVR_138	20	43532383	43533007	367	367
CNVR_139	20	43595042	43616187	1101	367
CNVR_140	20	43681476	43681975	367	367
CNVR_141	20	43727569	43728068	367	367
CNVR_142	20	43835423	43852227	734	367
CNVR_143	20	43926307	43927259	367	367
CNVR_144	20	43933899	43934398	367	367
CNVR_145	20	43945278	43945777	367	367
CNVR_146	20	44162584	44191108	367	367
CNVR_147	20	44350735	44354516	734	367
CNVR_148	20	44443778	44534007	734	367
CNVR_149	20	44803627	44807086	367	367
CNVR_150	20	44838695	44839449	734	367
CNVR_151	20	45084881	45094047	734	367
CNVR_152	20	45129518	45133101	734	367
CNVR_153	20	45839608	45841535	367	367
CNVR_154	20	45867251	45868132	367	367
CNVR_155	20	45927119	45927941	367	367
CNVR_156	20	45947495	45947994	367	367
CNVR_157	20	46252404	46263189	367	367
CNVR_158	20	46265546	46268133	734	367
CNVR_159	20	47538497	47538797	367	367
CNVR_160	20	47604977	47605449	367	367
CNVR_161	20	47632566	47634337	367	367
CNVR_162	20	47644816	47711750	2202	367
CNVR_163	20	48494267	48494766	367	367
CNVR_164	20	48698410	48732744	367	367
CNVR_165	20	49203531	49212925	14313	367
CNVR_166	20	49354143	49354866	367	367
CNVR_167	20	49520175	49577227	1468	367
CNVR_168	20	49626851	49627151	367	367
CNVR_169	20	51589646	51590122	367	367
CNVR_170	20	52194622	52195121	367	367
CNVR_171	20	52491289	52492288	367	367
CNVR_172	20	52569720	52570484	367	367
CNVR_173	20	52830639	52835806	734	367
CNVR_174	20	54944694	54959574	367	367
CNVR_175	20	55034145	55035144	367	367
CNVR_176	20	55099534	55100363	367	367
CNVR_177	20	55906638	55930122	2202	367
CNVR_178	20	56735966	56803528	1468	367
CNVR_179	20	57009407	57014249	367	367
CNVR_180	20	57275821	57288724	367	367
CNVR_181	20	57767824	57771172	367	367
CNVR_182	20	58421919	58514966	8441	367
CNVR_183	20	60578465	60581814	734	367
CNVR_184	20	60706161	60712212	734	367
CNVR_185	20	60733977	60740726	1468	367
CNVR_186	20	60882176	60899023	6973	367
CNVR_187	20	60904582	60937858	2569	367
CNVR_188	20	61040705	61050303	734	367
CNVR_189	20	61427574	61428073	367	367
CNVR_190	20	61444831	61456586	734	367
CNVR_191	20	61637028	61638027	367	367
CNVR_192	20	61944378	61982253	1468	367
CNVR_193	20	62046005	62051220	367	367
CNVR_194	20	62065280	62065506	367	367
CNVR_195	20	62120525	62120755	367	367
CNVR_196	20	62162348	62173733	1835	367
CNVR_197	20	62175329	62192098	2202	367
CNVR_198	20	62193137	62223623	2936	367
CNVR_199	20	62325968	62333819	1101	367
CNVR_200	20	62373446	62384464	734	367
CNVR_201	20	62421923	62496829	2569	367
CNVR_202	20	62506918	62507417	367	367
CNVR_203	20	62521452	62551542	734	367
CNVR_204	20	62562453	62575854	1468	367
CNVR_205	20	62597743	62598181	367	367
CNVR_206	20	62606218	62608536	734	367
CNVR_207	20	62669602	62694799	1101	367
CNVR_208	20	62729570	62730569	367	367
CNVR_209	20	62848669	62891875	367	367
