Chr	CNVR_ID	Start	End	Frequency	n_Sample	0	1	2	3	4	5	Type	Length	start_left	end_right	chr_top	chr_bottom
20	CNVR_1	257183	257602	367	367			362			5	Gain	420	0.257183	0.257602	3	1.5
20	CNVR_2	368904	377590	367	367			366	1			Gain	8687	0.368904	0.37759	3	1.5
20	CNVR_3	390863	391362	367	367	9		358				Loss	500	0.390863	0.391362	3	1.5
20	CNVR_4	399740	401763	367	367		1	366				Loss	2024	0.39974	0.401763	3	1.5
20	CNVR_5	820347	820456	367	367	9		358				Loss	110	0.820347	0.820456	3	1.5
20	CNVR_6	1145922	1146921	734	367	12		722				Loss	1000	1.145922	1.146921	3	1.5
20	CNVR_7	1447114	1472169	1468	367	425		1043				Loss	25056	1.447114	1.472169	3	1.5
20	CNVR_8	1514646	1515337	367	367		1	366				Loss	692	1.514646	1.515337	3	1.5
20	CNVR_9	1551200	1551699	367	367			360			7	Gain	500	1.5512	1.551699	3	1.5
20	CNVR_10	1558733	1559590	367	367	5	57	304	1			Mixed	858	1.558733	1.55959	3	1.5
20	CNVR_11	2685972	2690468	367	367		1	366				Loss	4497	2.685972	2.690468	3	1.5
20	CNVR_12	2777789	2778238	367	367			366			1	Gain	450	2.777789	2.778238	3	1.5
20	CNVR_13	2821218	2821992	367	367		5	362				Loss	775	2.821218	2.821992	3	1.5
20	CNVR_14	3233197	3363322	23488	367	3753		19734	1			Mixed	130126	3.233197	3.363322	3	1.5
20	CNVR_15	3515649	3540288	367	367		2	365				Loss	24640	3.515649	3.540288	3	1.5
20	CNVR_16	3576773	3605469	367	367		1	366				Loss	28697	3.576773	3.605469	3	1.5
20	CNVR_17	3673009	3674595	734	367		10	724				Loss	1587	3.673009	3.674595	3	1.5
20	CNVR_18	3802498	3805266	1101	367		8	1093				Loss	2769	3.802498	3.805266	3	1.5
20	CNVR_19	3925573	3944921	734	367		3	731				Loss	19349	3.925573	3.944921	3	1.5
20	CNVR_20	4712677	4713676	734	367	55		679				Loss	1000	4.712677	4.713676	3	1.5
20	CNVR_21	5095348	5099368	367	367		1	366				Loss	4021	5.095348	5.099368	3	1.5
20	CNVR_22	5538340	5556826	734	367		5	729				Loss	18487	5.53834	5.556826	3	1.5
20	CNVR_23	5560403	5585258	734	367		3	731				Loss	24856	5.560403	5.585258	3	1.5
20	CNVR_24	5924462	5939622	734	367		4	730				Loss	15161	5.924462	5.939622	3	1.5
20	CNVR_25	5947831	6017968	1468	367		8	1460				Loss	70138	5.947831	6.017968	3	1.5
20	CNVR_26	6032540	6033539	367	367	2		365				Loss	1000	6.03254	6.033539	3	1.5
20	CNVR_27	6750516	6751369	367	367		1	366				Loss	854	6.750516	6.751369	3	1.5
20	CNVR_28	8130690	8131189	367	367		1	366				Loss	500	8.13069	8.131189	3	1.5
20	CNVR_29	8705052	8722359	367	367		2	365				Loss	17308	8.705052	8.722359	3	1.5
20	CNVR_30	9317522	9389528	1101	367		5	1096				Loss	72007	9.317522	9.389528	3	1.5
20	CNVR_31	9417898	9438309	734	367		3	731				Loss	20412	9.417898	9.438309	3	1.5
20	CNVR_32	10032060	10035497	367	367		1	366				Loss	3438	10.03206	10.035497	3	1.5
20	CNVR_33	10273279	10274176	367	367		1	366				Loss	898	10.273279	10.274176	3	1.5
20	CNVR_34	10438573	10439072	367	367		1	366				Loss	500	10.438573	10.439072	3	1.5
20	CNVR_35	12989369	12990282	367	367		1	366				Loss	914	12.989369	12.990282	3	1.5
20	CNVR_36	13052653	13055245	367	367		1	366				Loss	2593	13.052653	13.055245	3	1.5
20	CNVR_37	13071480	13145649	1468	367	556		912				Loss	74170	13.07148	13.145649	3	1.5
20	CNVR_38	13695218	13757166	1101	367		8	1093				Loss	61949	13.695218	13.757166	3	1.5
20	CNVR_39	13767573	13779355	734	367		2	730	2			Mixed	11783	13.767573	13.779355	3	1.5
20	CNVR_40	13839657	13869375	4037	367	1924		2104	9			Mixed	29719	13.839657	13.869375	3	1.5
20	CNVR_41	14665238	14665737	367	367	177		189	1			Mixed	500	14.665238	14.665737	3	1.5
20	CNVR_42	15866158	15866657	367	367		3	364				Loss	500	15.866158	15.866657	3	1.5
20	CNVR_43	16347737	16351479	1101	367	372	1	728				Loss	3743	16.347737	16.351479	3	1.5
20	CNVR_44	16474685	16478506	734	367		3	731				Loss	3822	16.474685	16.478506	3	1.5
20	CNVR_45	16712062	16721218	1101	367		7	1094				Loss	9157	16.712062	16.721218	3	1.5
20	CNVR_46	16731489	16731988	367	367		1	366				Loss	500	16.731489	16.731988	3	1.5
20	CNVR_47	17610217	17610716	367	367	2	2	363				Loss	500	17.610217	17.610716	3	1.5
20	CNVR_48	17922493	17971330	1101	367		5	1096				Loss	48838	17.922493	17.97133	3	1.5
20	CNVR_49	18374104	18436139	4037	367	1322		2711	4			Mixed	62036	18.374104	18.436139	3	1.5
20	CNVR_50	18449837	18455967	367	367		2	365				Loss	6131	18.449837	18.455967	3	1.5
20	CNVR_51	18523912	18526848	367	367		2	365				Loss	2937	18.523912	18.526848	3	1.5
20	CNVR_52	19998266	20003348	367	367		1	366				Loss	5083	19.998266	20.003348	3	1.5
20	CNVR_53	20020002	20022458	367	367		1	366				Loss	2457	20.020002	20.022458	3	1.5
20	CNVR_54	20029733	20031516	734	367		3	731				Loss	1784	20.029733	20.031516	3	1.5
20	CNVR_55	20208642	20227109	367	367		1	366				Loss	18468	20.208642	20.227109	3	1.5
20	CNVR_56	20373423	20373922	367	367	9		358				Loss	500	20.373423	20.373922	3	1.5
20	CNVR_57	20377088	20392919	734	367	190		544				Loss	15832	20.377088	20.392919	3	1.5
20	CNVR_58	20483744	20592207	3670	367	1146		2523	1			Mixed	108464	20.483744	20.592207	3	1.5
20	CNVR_59	20609756	20621593	1468	367	306		1162				Loss	11838	20.609756	20.621593	3	1.5
20	CNVR_60	21306666	21307489	367	367		2	365				Loss	824	21.306666	21.307489	3	1.5
20	CNVR_61	21310868	21325096	1835	367		11	1823			1	Loss	14229	21.310868	21.325096	3	1.5
20	CNVR_62	21329776	21330275	367	367		1	366				Loss	500	21.329776	21.330275	3	1.5
20	CNVR_63	21336467	21338622	367	367		1	366				Loss	2156	21.336467	21.338622	3	1.5
20	CNVR_64	21492409	21494797	734	367		3	731				Loss	2389	21.492409	21.494797	3	1.5
20	CNVR_65	23017306	23067211	367	367			366	1			Gain	49906	23.017306	23.067211	3	1.5
20	CNVR_66	23359831	23371151	1101	367		5	1096				Loss	11321	23.359831	23.371151	3	1.5
20	CNVR_67	23377458	23377957	367	367		8	359				Loss	500	23.377458	23.377957	3	1.5
20	CNVR_68	23965939	23967762	367	367		1	366				Loss	1824	23.965939	23.967762	3	1.5
20	CNVR_69	24523905	24524404	367	367		2	365				Loss	500	24.523905	24.524404	3	1.5
20	CNVR_70	24929654	24930461	367	367		1	366				Loss	808	24.929654	24.930461	3	1.5
20	CNVR_71	25198935	25199434	367	367		12	355				Loss	500	25.198935	25.199434	3	1.5
20	CNVR_72	25287218	25287717	367	367			365		2		Gain	500	25.287218	25.287717	3	1.5
20	CNVR_73	25320112	25320237	367	367	9		358				Loss	126	25.320112	25.320237	3	1.5
20	CNVR_74	25405596	25422586	367	367		2	365				Loss	16991	25.405596	25.422586	3	1.5
20	CNVR_75	25733446	25829551	1468	367	3	6	1456			3	Loss	96106	25.733446	25.829551	3	1.5
20	CNVR_76	26061549	26063778	367	367	47		320				Loss	2230	26.061549	26.063778	3	1.5
20	CNVR_77	29611589	29634146	1101	367		6	1092		3		Mixed	22558	29.611589	29.634146	3	1.5
20	CNVR_78	29890764	29896570	734	367	244		490				Loss	5807	29.890764	29.89657	3	1.5
20	CNVR_79	29993647	29994268	367	367			366			1	Gain	622	29.993647	29.994268	3	1.5
20	CNVR_80	30310059	30385568	734	367		3	731				Loss	75510	30.310059	30.385568	3	1.5
20	CNVR_81	30435689	30438663	367	367	9		358				Loss	2975	30.435689	30.438663	3	1.5
20	CNVR_82	30789971	30796114	367	367	11		356				Loss	6144	30.789971	30.796114	3	1.5
20	CNVR_83	31315449	31316199	367	367	177		190				Loss	751	31.315449	31.316199	3	1.5
20	CNVR_84	31413480	31437226	367	367		1	366				Loss	23747	31.41348	31.437226	3	1.5
20	CNVR_85	31755714	31756213	367	367	9		358				Loss	500	31.755714	31.756213	3	1.5
20	CNVR_86	31786870	31793177	1101	367	104		995			2	Loss	6308	31.78687	31.793177	3	1.5
20	CNVR_87	31813961	31814460	367	367		1	366				Loss	500	31.813961	31.81446	3	1.5
20	CNVR_88	32245706	32248436	1468	367	442		1026				Loss	2731	32.245706	32.248436	3	1.5
20	CNVR_89	32307650	32319814	734	367		19	712			3	Loss	12165	32.30765	32.319814	3	1.5
20	CNVR_90	32328457	32328956	367	367			366	1			Gain	500	32.328457	32.328956	3	1.5
20	CNVR_91	32378543	32379542	734	367		7	727				Loss	1000	32.378543	32.379542	3	1.5
20	CNVR_92	32678072	32691516	734	367		4	730				Loss	13445	32.678072	32.691516	3	1.5
20	CNVR_93	32996206	33012534	367	367		1	366				Loss	16329	32.996206	33.012534	3	1.5
20	CNVR_94	33036965	33095748	1468	367		10	1458				Loss	58784	33.036965	33.095748	3	1.5
20	CNVR_95	33231717	33245232	367	367		1	366				Loss	13516	33.231717	33.245232	3	1.5
20	CNVR_96	33364345	33370457	367	367		2	365				Loss	6113	33.364345	33.370457	3	1.5
20	CNVR_97	33421127	33422515	367	367		1	366				Loss	1389	33.421127	33.422515	3	1.5
20	CNVR_98	33501764	33502049	367	367			364			3	Gain	286	33.501764	33.502049	3	1.5
20	CNVR_99	33513250	33513738	367	367			365			2	Gain	489	33.51325	33.513738	3	1.5
20	CNVR_100	33566942	33577992	2569	367		33	2532	4			Mixed	11051	33.566942	33.577992	3	1.5
20	CNVR_101	33578718	33590433	1468	367		18	1443	7			Mixed	11716	33.578718	33.590433	3	1.5
20	CNVR_102	33656848	33657465	367	367		1	366				Loss	618	33.656848	33.657465	3	1.5
20	CNVR_103	33734877	33764874	734	367			731	3			Gain	29998	33.734877	33.764874	3	1.5
20	CNVR_104	33805364	33862823	734	367		3	731				Loss	57460	33.805364	33.862823	3	1.5
20	CNVR_105	33954109	33969969	367	367		1	366				Loss	15861	33.954109	33.969969	3	1.5
20	CNVR_106	34115811	34117300	367	367	8		355			4	Loss	1490	34.115811	34.1173	3	1.5
20	CNVR_107	34240096	34243516	367	367			366	1			Gain	3421	34.240096	34.243516	3	1.5
20	CNVR_108	34287301	34287935	367	367		6	361				Loss	635	34.287301	34.287935	3	1.5
20	CNVR_109	34292908	34297394	734	367		3	731				Loss	4487	34.292908	34.297394	3	1.5
20	CNVR_110	34304411	34317699	367	367		1	365	1			Mixed	13289	34.304411	34.317699	3	1.5
20	CNVR_111	34328196	34329059	367	367		2	365				Loss	864	34.328196	34.329059	3	1.5
20	CNVR_112	34389662	34459306	734	367		3	731				Loss	69645	34.389662	34.459306	3	1.5
20	CNVR_113	35091056	35091252	367	367	2	1	364				Loss	197	35.091056	35.091252	3	1.5
20	CNVR_114	35293198	35400126	1101	367		6	1095				Loss	106929	35.293198	35.400126	3	1.5
20	CNVR_115	35440856	35467868	1101	367		2	1095	4			Mixed	27013	35.440856	35.467868	3	1.5
20	CNVR_116	35520992	35575389	1101	367		6	1095				Loss	54398	35.520992	35.575389	3	1.5
20	CNVR_117	35635563	35724424	2936	367		18	2908	10			Mixed	88862	35.635563	35.724424	3	1.5
20	CNVR_118	35730816	35813026	90649	367	33946	1	56701	1			Mixed	82211	35.730816	35.813026	3	1.5
20	CNVR_119	35828599	35829098	367	367	9		358				Loss	500	35.828599	35.829098	3	1.5
20	CNVR_120	36150955	36151454	367	367		3	364				Loss	500	36.150955	36.151454	3	1.5
20	CNVR_121	36770715	36776741	367	367		3	364				Loss	6027	36.770715	36.776741	3	1.5
20	CNVR_122	37121322	37122025	367	367		1	366				Loss	704	37.121322	37.122025	3	1.5
20	CNVR_123	37193748	37196125	367	367		1	366				Loss	2378	37.193748	37.196125	3	1.5
20	CNVR_124	37464217	37465068	367	367	2		365				Loss	852	37.464217	37.465068	3	1.5
20	CNVR_125	39657711	39658345	367	367	5		362				Loss	635	39.657711	39.658345	3	1.5
20	CNVR_126	39704560	39727382	734	367		3	731				Loss	22823	39.70456	39.727382	3	1.5
20	CNVR_127	39741171	39752583	367	367		1	366				Loss	11413	39.741171	39.752583	3	1.5
20	CNVR_128	40710271	40790240	9175	367	1563		7612				Loss	79970	40.710271	40.79024	3	1.5
20	CNVR_129	40910878	41306754	1835	367	857		976	2			Mixed	395877	40.910878	41.306754	3	1.5
20	CNVR_130	42087542	42088041	367	367	8	1	358				Loss	500	42.087542	42.088041	3	1.5
20	CNVR_131	42164992	42165348	367	367		7	360				Loss	357	42.164992	42.165348	3	1.5
20	CNVR_132	42223082	42232648	367	367		1	366				Loss	9567	42.223082	42.232648	3	1.5
20	CNVR_133	42275325	42275824	367	367		1	366				Loss	500	42.275325	42.275824	3	1.5
20	CNVR_134	42354554	42355553	367	367		1	366				Loss	1000	42.354554	42.355553	3	1.5
20	CNVR_135	42788507	42789297	734	367	11		723				Loss	791	42.788507	42.789297	3	1.5
20	CNVR_136	43029628	43031442	734	367	8	3	723				Loss	1815	43.029628	43.031442	3	1.5
20	CNVR_137	43374755	43379518	367	367		1	366				Loss	4764	43.374755	43.379518	3	1.5
20	CNVR_138	43532383	43533007	367	367		1	366				Loss	625	43.532383	43.533007	3	1.5
20	CNVR_139	43595042	43616187	1101	367		7	1094				Loss	21146	43.595042	43.616187	3	1.5
20	CNVR_140	43681476	43681975	367	367	9		358				Loss	500	43.681476	43.681975	3	1.5
20	CNVR_141	43727569	43728068	367	367	1		366				Loss	500	43.727569	43.728068	3	1.5
20	CNVR_142	43835423	43852227	734	367		5	729				Loss	16805	43.835423	43.852227	3	1.5
20	CNVR_143	43926307	43927259	367	367			366			1	Gain	953	43.926307	43.927259	3	1.5
20	CNVR_144	43933899	43934398	367	367	1		366				Loss	500	43.933899	43.934398	3	1.5
20	CNVR_145	43945278	43945777	367	367	1		366				Loss	500	43.945278	43.945777	3	1.5
20	CNVR_146	44162584	44191108	367	367		2	365				Loss	28525	44.162584	44.191108	3	1.5
20	CNVR_147	44350735	44354516	734	367		18	714	2			Mixed	3782	44.350735	44.354516	3	1.5
20	CNVR_148	44443778	44534007	734	367			731	3			Gain	90230	44.443778	44.534007	3	1.5
20	CNVR_149	44803627	44807086	367	367		1	366				Loss	3460	44.803627	44.807086	3	1.5
20	CNVR_150	44838695	44839449	734	367	15		719				Loss	755	44.838695	44.839449	3	1.5
20	CNVR_151	45084881	45094047	734	367		3	731				Loss	9167	45.084881	45.094047	3	1.5
20	CNVR_152	45129518	45133101	734	367		5	729				Loss	3584	45.129518	45.133101	3	1.5
20	CNVR_153	45839608	45841535	367	367		2	365				Loss	1928	45.839608	45.841535	3	1.5
20	CNVR_154	45867251	45868132	367	367		1	366				Loss	882	45.867251	45.868132	3	1.5
20	CNVR_155	45927119	45927941	367	367			366	1			Gain	823	45.927119	45.927941	3	1.5
20	CNVR_156	45947495	45947994	367	367	9		358				Loss	500	45.947495	45.947994	3	1.5
20	CNVR_157	46252404	46263189	367	367		1	366				Loss	10786	46.252404	46.263189	3	1.5
20	CNVR_158	46265546	46268133	734	367		3	731				Loss	2588	46.265546	46.268133	3	1.5
20	CNVR_159	47538497	47538797	367	367	2		365				Loss	301	47.538497	47.538797	3	1.5
20	CNVR_160	47604977	47605449	367	367		5	362				Loss	473	47.604977	47.605449	3	1.5
20	CNVR_161	47632566	47634337	367	367		1	366				Loss	1772	47.632566	47.634337	3	1.5
20	CNVR_162	47644816	47711750	2202	367		16	2186				Loss	66935	47.644816	47.71175	3	1.5
20	CNVR_163	48494267	48494766	367	367		1	366				Loss	500	48.494267	48.494766	3	1.5
20	CNVR_164	48698410	48732744	367	367		1	366				Loss	34335	48.69841	48.732744	3	1.5
20	CNVR_165	49203531	49212925	14313	367	2786		11527				Loss	9395	49.203531	49.212925	3	1.5
20	CNVR_166	49354143	49354866	367	367		1	366				Loss	724	49.354143	49.354866	3	1.5
20	CNVR_167	49520175	49577227	1468	367		6	1460	2			Mixed	57053	49.520175	49.577227	3	1.5
20	CNVR_168	49626851	49627151	367	367	9		358				Loss	301	49.626851	49.627151	3	1.5
20	CNVR_169	51589646	51590122	367	367	1		366				Loss	477	51.589646	51.590122	3	1.5
20	CNVR_170	52194622	52195121	367	367		1	366				Loss	500	52.194622	52.195121	3	1.5
20	CNVR_171	52491289	52492288	367	367		5	362				Loss	1000	52.491289	52.492288	3	1.5
20	CNVR_172	52569720	52570484	367	367			366			1	Gain	765	52.56972	52.570484	3	1.5
20	CNVR_173	52830639	52835806	734	367		3	731				Loss	5168	52.830639	52.835806	3	1.5
20	CNVR_174	54944694	54959574	367	367		1	366				Loss	14881	54.944694	54.959574	3	1.5
20	CNVR_175	55034145	55035144	367	367		3	364				Loss	1000	55.034145	55.035144	3	1.5
20	CNVR_176	55099534	55100363	367	367		1	366				Loss	830	55.099534	55.100363	3	1.5
20	CNVR_177	55906638	55930122	2202	367		23	2179				Loss	23485	55.906638	55.930122	3	1.5
20	CNVR_178	56735966	56803528	1468	367	97		1362			9	Loss	67563	56.735966	56.803528	3	1.5
20	CNVR_179	57009407	57014249	367	367		1	366				Loss	4843	57.009407	57.014249	3	1.5
20	CNVR_180	57275821	57288724	367	367		1	366				Loss	12904	57.275821	57.288724	3	1.5
20	CNVR_181	57767824	57771172	367	367			366	1			Gain	3349	57.767824	57.771172	3	1.5
20	CNVR_182	58421919	58514966	8441	367		100	8297	44			Mixed	93048	58.421919	58.514966	3	1.5
20	CNVR_183	60578465	60581814	734	367		7	727				Loss	3350	60.578465	60.581814	3	1.5
20	CNVR_184	60706161	60712212	734	367		3	731				Loss	6052	60.706161	60.712212	3	1.5
20	CNVR_185	60733977	60740726	1468	367	16	19	1433				Loss	6750	60.733977	60.740726	3	1.5
20	CNVR_186	60882176	60899023	6973	367		14	6766	193			Mixed	16848	60.882176	60.899023	3	1.5
20	CNVR_187	60904582	60937858	2569	367		43	2484	42			Mixed	33277	60.904582	60.937858	3	1.5
20	CNVR_188	61040705	61050303	734	367		5	729				Loss	9599	61.040705	61.050303	3	1.5
20	CNVR_189	61427574	61428073	367	367	11		356				Loss	500	61.427574	61.428073	3	1.5
20	CNVR_190	61444831	61456586	734	367			716	18			Gain	11756	61.444831	61.456586	3	1.5
20	CNVR_191	61637028	61638027	367	367	1		366				Loss	1000	61.637028	61.638027	3	1.5
20	CNVR_192	61944378	61982253	1468	367		19	1448	1			Mixed	37876	61.944378	61.982253	3	1.5
20	CNVR_193	62046005	62051220	367	367		3	364				Loss	5216	62.046005	62.05122	3	1.5
20	CNVR_194	62065280	62065506	367	367	1		366				Loss	227	62.06528	62.065506	3	1.5
20	CNVR_195	62120525	62120755	367	367	5		362				Loss	231	62.120525	62.120755	3	1.5
20	CNVR_196	62162348	62173733	1835	367		24	1797	14			Mixed	11386	62.162348	62.173733	3	1.5
20	CNVR_197	62175329	62192098	2202	367	5	40	2145	12			Mixed	16770	62.175329	62.192098	3	1.5
20	CNVR_198	62193137	62223623	2936	367		84	2806	46			Mixed	30487	62.193137	62.223623	3	1.5
20	CNVR_199	62325968	62333819	1101	367		3	1095	3			Mixed	7852	62.325968	62.333819	3	1.5
20	CNVR_200	62373446	62384464	734	367		5	729				Loss	11019	62.373446	62.384464	3	1.5
20	CNVR_201	62421923	62496829	2569	367		65	2498			6	Loss	74907	62.421923	62.496829	3	1.5
20	CNVR_202	62506918	62507417	367	367			362			5	Gain	500	62.506918	62.507417	3	1.5
20	CNVR_203	62521452	62551542	734	367	86		648				Loss	30091	62.521452	62.551542	3	1.5
20	CNVR_204	62562453	62575854	1468	367		12	1440	16			Mixed	13402	62.562453	62.575854	3	1.5
20	CNVR_205	62597743	62598181	367	367			361			6	Gain	439	62.597743	62.598181	3	1.5
20	CNVR_206	62606218	62608536	734	367		3	731				Loss	2319	62.606218	62.608536	3	1.5
20	CNVR_207	62669602	62694799	1101	367	8		1093				Loss	25198	62.669602	62.694799	3	1.5
20	CNVR_208	62729570	62730569	367	367		1	366				Loss	1000	62.72957	62.730569	3	1.5
20	CNVR_209	62848669	62891875	367	367			366	1			Gain	43207	62.848669	62.891875	3	1.5
